image_width: 640
image_height: 480
camera_name: narrow_stereo
camera_matrix:
  rows: 3
  cols: 3
  data: [604.148080, 0.000000, 316.465313, 0.000000, 602.655284, 231.991570, 0.000000, 0.000000, 1.000000]
distortion_model: plumb_bob
distortion_coefficients:
  rows: 1
  cols: 5
  data: [0.040788, -0.106685, 0.005131, 0.000890, 0.000000]
rectification_matrix:
  rows: 3
  cols: 3
  data: [1.000000, 0.000000, 0.000000, 0.000000, 1.000000, 0.000000, 0.000000, 0.000000, 1.000000]
projection_matrix:
  rows: 3
  cols: 4
  data: [605.762390, 0.000000, 316.394177, 0.000000, 0.000000, 604.277527, 233.106735, 0.000000, 0.000000, 0.000000, 1.000000, 0.000000]
